 Введенные точки : [(1.0,2.0),(3.0,4.0),(5.0,6.0),(7.0,8.0)]
[[0.0,0.0,0.0,0.0,0.0,0.0,0.0,1.0,0.0,0.0,0.0,0.0,2.0]
,[0.0,0.0,0.0,0.0,8.0,4.0,2.0,1.0,0.0,0.0,0.0,0.0,4.0],
[0.0,0.0,0.0,0.0,12.0,4.0,0.0,0.0,0.0,0.0,0.0,0.0,0.0],
[0.0,0.0,0.0,0.0,12.0,4.0,0.0,0.0,0.0,0.0,0.0,0.0,0.0],
[0.0,0.0,0.0,0.0,0.0,0.0,0.0,0.0,0.0,0.0,0.0,1.0,4.0],
[1.0,0.0,0.0,0.0,0.0,0.0,0.0,0.0,8.0,4.0,2.0,1.0,6.0],
[0.0,0.0,0.0,0.0,0.0,0.0,0.0,0.0,12.0,4.0,0.0,0.0,0.0],
[0.0,0.0,0.0,0.0,0.0,0.0,0.0,0.0,12.0,4.0,0.0,0.0,0.0],
[0.0,0.0,0.0,0.0,0.0,0.0,0.0,0.0,0.0,0.0,0.0,1.0,6.0],
[0.0,0.0,0.0,0.0,0.0,0.0,0.0,0.0,8.0,4.0,2.0,1.0,8.0],
[0.0,0.0,0.0,0.0,0.0,0.0,0.0,0.0,0.0,2.0,0.0,0.0,0.0],
[0.0,2.0,0.0,0.0,0.0,0.0,0.0,0.0,0.0,0.0,0.0,0.0,0.0]]

 Введенные точки : [(1.0,2.0),(3.0,1.0),(4.0,2.0)]
[[0.0,0.0,0.0,0.0,0.0,1.0,2.0],
[0.0,0.0,0.0,4.0,2.0,1.0,1.0],
[0.0,0.0,0.0,4.0,0.0,0.0,0.0],
[0.0,0.0,0.0,4.0,0.0,0.0,0.0],
[0.0,0.0,0.0,0.0,0.0,0.0,0.0,0.0,1.0,1.0],
[0.0,0.0,0.0,0.0,0.0,0.0,1.0,1.0,1.0,2.0],
[0.0,0.0,0.0,0.0,0.0,0.0,2.0,0.0,0.0,0.0],
[0.0,0.0,0.0,0.0,0.0,0.0,2.0,0.0,0.0,0.0]]


Введенные точки : [(1.0,2.0),(3.0,4.0),(5.0,6.0)]
[[0.0,0.0,0.0,0.0, 0.0,0.0,0.0,1.0, 2.0],
[0.0,0.0,0.0,0.0,  8.0,4.0,2.0,1.0, 4.0],
[0.0,0.0,0.0,0.0,  12.0,4.0,0.0,0.0, 0.0],
[0.0,0.0,0.0,0.0,  12.0,4.0,0.0,0.0, 0.0]]

 Введенные точки : [(1.0,2.0),(3.0,4.0),(5.0,6.0)]
[[0.0,0.0,0.0,1.0, 0.0,0.0,0.0,0.0, 2.0],
[8.0,4.0,2.0,1.0,  0.0,0.0,0.0,0.0, 4.0],
[12.0,4.0,0.0,0.0, 0.0,0.0,0.0,0.0, 0.0],
[12.0,4.0,0.0,0.0, 0.0,0.0,0.0,0.0, 0.0],
[0.0,0.0,0.0,0.0,  0.0,0.0,0.0,1.0, 4.0],
[0.0,0.0,0.0,0.0,  8.0,4.0,2.0,1.0, 6.0],
[0.0,0.0,0.0,0.0,  0.0,2.0,0.0,0.0, 0.0],
[0.0,2.0,0.0,0.0,  0.0,0.0,0.0,0.0, 0.0]]

 Введенные точки : [(1.0,2.0),(3.0,4.0),(5.0,6.0),(7.0,8.0)]
[[0.0,0.0,0.0,1.0,0.0,0.0,0.0,0.0,0.0,0.0,0.0,0.0,2.0],
[8.0,4.0,2.0,1.0,0.0,0.0,0.0,0.0,0.0, 0.0,0.0,0.0,4.0],
[12.0,4.0,1.0,0.0,0.0,0.0,-1.0,0.0,0.0,0.0,0.0,0.0,0.0],
[12.0,2.0,0.0,0.0,0.0,-2.0,0.0,0.0,0.0,0.0,0.0,0.0,0.0],
[0.0,0.0,0.0,0.0,0.0,0.0,0.0,1.0,0.0,0.0,0.0,0.0,4.0], 
[0.0,0.0,0.0,0.0,8.0,4.0,2.0,1.0,0.0,0.0,0.0,0.0,6.0],
[0.0,0.0,0.0,0.0,12.0,4.0,1.0,0.0,0.0,0.0,-1.0,0.0,0.0],
[0.0,0.0,0.0,0.0,12.0,2.0,0.0,0.0,0.0,-2.0,0.0,0.0,0.0],
[0.0,0.0,0.0,0.0,0.0,0.0,0.0,0.0,0.0,0.0,0.0,1.0,6.0],
[0.0,0.0,0.0,0.0,0.0,0.0,0.0,0.0,8.0,4.0,2.0,1.0,8.0],
[0.0,0.0,0.0,0.0,0.0,0.0,0.0,0.0,0.0,2.0,0.0,0.0,0.0],
[0.0,2.0,0.0,0.0,0.0,0.0,0.0,0.0,0.0,0.0,0.0,0.0,0.0]]

[[0.0,0.0,0.0,1.0,2.0],
[8.0,4.0,2.0,1.0,4.0],
[12.0,4.0,0.0,0.0,0.0],
[12.0,0.0,0.0,0.0,0.0],
[0.0,0.0,0.0,1.0,4.0],
[8.0,4.0,2.0,1.0,6.0],
[12.0,4.0,0.0,0.0,0.0],
[12.0,0.0,0.0,0.0,0.0],
[0.0,0.0,0.0,1.0,6.0],
[8.0,4.0,2.0,1.0,8.0],
[0.0,2.0,0.0,0.0,0.0],
[0.0,2.0,0.0,0.0,0.0]]

 Введенные точки : [(1.0,2.0),(3.0,4.0),(5.0,6.0),(7.0,8.0)]
[[0.0,0.0,0.0,1.0,2.0],
[8.0,4.0,2.0,1.0,4.0],

[12.0,4.0,1.0,0.0,0.0],
[0.0,0.0,1.0,0.0,0.0],
[12.0,2.0,0.0,0.0,0.0],
[0.0,2.0,0.0,0.0,0.0],

[0.0,0.0,0.0,1.0,4.0],
[8.0,4.0,2.0,1.0,6.0],

[12.0,4.0,1.0,0.0,0.0],
[0.0,0.0,1.0,0.0,0.0],
[12.0,2.0,0.0,0.0,0.0],
[0.0,2.0,0.0,0.0,0.0],

[0.0,0.0,0.0,1.0,6.0],
[8.0,4.0,2.0,1.0,8.0],
[0.0,2.0,0.0,0.0,0.0],
[0.0,2.0,0.0,0.0,0.0]]


 Введенные точки : [(1.0,2.0),(3.0,4.0),(5.0,6.0),(8.0,8.0)]
[[0.0,0.0,0.0,0.0,0.0,0.0,0.0,0.0,0.0,0.0,1.0,0.0,0.0,0.0,0.0,0.0,0.0,0.0,0.0,0.0,0.0,0.0,0.0,0.0,0.0,0.0,0.0,0.0,0.0,0.0,0.0,0.0,0.0,2.0],
[1024.0,512.0,256.0,128.0,64.0,32.0,16.0,8.0,4.0,2.0,1.0,0.0,0.0,0.0,0.0,0.0,0.0,0.0,0.0,0.0,0.0,0.0,0.0,0.0,0.0,0.0,0.0,0.0,0.0,0.0,0.0,0.0,0.0,4.0],
[5120.0,2304.0,1024.0,448.0,192.0,80.0,32.0,12.0,4.0,1.0,0.0,0.0,0.0,0.0,0.0,0.0,0.0,0.0,0.0,0.0,-1.0,0.0,0.0,0.0,0.0,0.0,0.0,0.0,0.0,0.0,0.0,0.0,0.0,0.0],
[23040.0,9216.0,3584.0,1344.0,480.0,160.0,48.0,12.0,2.0,0.0,0.0,0.0,0.0,0.0,0.0,0.0,0.0,0.0,0.0,-2.0,0.0,0.0,0.0,0.0,0.0,0.0,0.0,0.0,0.0,0.0,0.0,0.0,0.0,0.0],
[0.0,0.0,0.0,0.0,0.0,0.0,0.0,0.0,0.0,0.0,0.0,0.0,0.0,0.0,0.0,0.0,0.0,0.0,0.0,0.0,0.0,1.0,0.0,0.0,0.0,0.0,0.0,0.0,0.0,0.0,0.0,0.0,0.0,4.0],
[0.0,0.0,0.0,0.0,0.0,0.0,0.0,0.0,0.0,0.0,0.0,1024.0,512.0,256.0,128.0,64.0,32.0,16.0,8.0,4.0,2.0,1.0,0.0,0.0,0.0,0.0,0.0,0.0,0.0,0.0,0.0,0.0,0.0,6.0],
[0.0,0.0,0.0,0.0,0.0,0.0,0.0,0.0,0.0,0.0,0.0,5120.0,2304.0,1024.0,448.0,192.0,80.0,32.0,12.0,4.0,1.0,0.0,0.0,0.0,0.0,0.0,0.0,0.0,0.0,0.0,0.0,-1.0,0.0,0.0],
[0.0,0.0,0.0,0.0,0.0,0.0,0.0,0.0,0.0,0.0,0.0,23040.0,9216.0,3584.0,1344.0,480.0,160.0,48.0,12.0,2.0,0.0,0.0,0.0,0.0,0.0,0.0,0.0,0.0,0.0,0.0,-2.0,0.0,0.0,0.0],
[0.0,0.0,0.0,0.0,0.0,0.0,0.0,0.0,0.0,0.0,0.0,0.0,0.0,0.0,0.0,0.0,0.0,0.0,0.0,0.0,0.0,0.0,0.0,0.0,0.0,0.0,0.0,0.0,0.0,0.0,0.0,0.0,1.0,6.0],
[0.0,0.0,0.0,0.0,0.0,0.0,0.0,0.0,0.0,0.0,0.0,0.0,0.0,0.0,0.0,0.0,0.0,0.0,0.0,0.0,0.0,0.0,59049.0,19683.0,6561.0,2187.0,729.0,243.0,81.0,27.0,9.0,3.0,1.0,8.0],
[0.0,0.0,0.0,0.0,0.0,0.0,0.0,0.0,0.0,0.0,0.0,0.0,0.0,0.0,0.0,0.0,0.0,0.0,0.0,0.0,0.0,0.0,590490.0,157464.0,40824.0,10206.0,2430.0,540.0,108.0,18.0,2.0,0.0,0.0,0.0],
[0.0,0.0,0.0,0.0,0.0,0.0,0.0,0.0,2.0,0.0,0.0,0.0,0.0,0.0,0.0,0.0,0.0,0.0,0.0,0.0,0.0,0.0,0.0,0.0,0.0,0.0,0.0,0.0,0.0,0.0,0.0,0.0,0.0,0.0]]

 Введенные точки : [(1.0,2.0),(3.0,4.0),(5.0,6.0),(7.0,8.0),(9.0,10.0),(11.0,12.0)]
[[0.0,0.0,0.0,0.0,0.0,1.0,0.0,0.0,0.0,0.0,0.0,0.0,0.0,0.0,0.0,0.0,0.0,0.0,0.0,0.0,0.0,0.0,0.0,0.0,0.0,0.0,0.0,0.0,0.0,0.0,2.0],
[32.0,16.0,8.0,4.0,2.0,1.0,0.0,0.0,0.0,0.0,0.0,0.0,0.0,0.0,0.0,0.0,0.0,0.0,0.0,0.0,0.0,0.0,0.0,0.0,0.0,0.0,0.0,0.0,0.0,0.0,4.0],
[80.0,32.0,12.0,4.0,1.0,0.0,0.0,0.0,0.0,0.0,-1.0,0.0,0.0,0.0,0.0,0.0,0.0,0.0,0.0,0.0,0.0,0.0,0.0,0.0,0.0,0.0,0.0,0.0,0.0,0.0,0.0],
[160.0,48.0,12.0,2.0,0.0,0.0,0.0,0.0,0.0,-2.0,0.0,0.0,0.0,0.0,0.0,0.0,0.0,0.0,0.0,0.0,0.0,0.0,0.0,0.0,0.0,0.0,0.0,0.0,0.0,0.0,0.0],
[0.0,0.0,0.0,0.0,0.0,0.0,0.0,0.0,0.0,0.0,0.0,1.0,0.0,0.0,0.0,0.0,0.0,0.0,0.0,0.0,0.0,0.0,0.0,0.0,0.0,0.0,0.0,0.0,0.0,0.0,4.0],
[0.0,0.0,0.0,0.0,0.0,0.0,32.0,16.0,8.0,4.0,2.0,1.0,0.0,0.0,0.0,0.0,0.0,0.0,0.0,0.0,0.0,0.0,0.0,0.0,0.0,0.0,0.0,0.0,0.0,0.0,6.0],
[0.0,0.0,0.0,0.0,0.0,0.0,80.0,32.0,12.0,4.0,1.0,0.0,0.0,0.0,0.0,0.0,-1.0,0.0,0.0,0.0,0.0,0.0,0.0,0.0,0.0,0.0,0.0,0.0,0.0,0.0,0.0],
[0.0,0.0,0.0,0.0,0.0,0.0,160.0,48.0,12.0,2.0,0.0,0.0,0.0,0.0,0.0,-2.0,0.0,0.0,0.0,0.0,0.0,0.0,0.0,0.0,0.0,0.0,0.0,0.0,0.0,0.0,0.0],
[0.0,0.0,0.0,0.0,0.0,0.0,0.0,0.0,0.0,0.0,0.0,0.0,0.0,0.0,0.0,0.0,0.0,1.0,0.0,0.0,0.0,0.0,0.0,0.0,0.0,0.0,0.0,0.0,0.0,0.0,6.0],
[0.0,0.0,0.0,0.0,0.0,0.0,0.0,0.0,0.0,0.0,0.0,0.0,32.0,16.0,8.0,4.0,2.0,1.0,0.0,0.0,0.0,0.0,0.0,0.0,0.0,0.0,0.0,0.0,0.0,0.0,8.0],
[0.0,0.0,0.0,0.0,0.0,0.0,0.0,0.0,0.0,0.0,0.0,0.0,80.0,32.0,12.0,4.0,1.0,0.0,0.0,0.0,0.0,0.0,-1.0,0.0,0.0,0.0,0.0,0.0,0.0,0.0,0.0],
[0.0,0.0,0.0,0.0,0.0,0.0,0.0,0.0,0.0,0.0,0.0,0.0,160.0,48.0,12.0,2.0,0.0,0.0,0.0,0.0,0.0,-2.0,0.0,0.0,0.0,0.0,0.0,0.0,0.0,0.0,0.0],
[0.0,0.0,0.0,0.0,0.0,0.0,0.0,0.0,0.0,0.0,0.0,0.0,0.0,0.0,0.0,0.0,0.0,0.0,0.0,0.0,0.0,0.0,0.0,1.0,0.0,0.0,0.0,0.0,0.0,0.0,8.0],
[0.0,0.0,0.0,0.0,0.0,0.0,0.0,0.0,0.0,0.0,0.0,0.0,0.0,0.0,0.0,0.0,0.0,0.0,32.0,16.0,8.0,4.0,2.0,1.0,0.0,0.0,0.0,0.0,0.0,0.0,10.0],
[0.0,0.0,0.0,0.0,0.0,0.0,0.0,0.0,0.0,0.0,0.0,0.0,0.0,0.0,0.0,0.0,0.0,0.0,80.0,32.0,12.0,4.0,1.0,0.0,0.0,0.0,0.0,0.0,-1.0,0.0,0.0],
[0.0,0.0,0.0,0.0,0.0,0.0,0.0,0.0,0.0,0.0,0.0,0.0,0.0,0.0,0.0,0.0,0.0,0.0,160.0,48.0,12.0,2.0,0.0,0.0,0.0,0.0,0.0,-2.0,0.0,0.0,0.0],
[0.0,0.0,0.0,0.0,0.0,0.0,0.0,0.0,0.0,0.0,0.0,0.0,0.0,0.0,0.0,0.0,0.0,0.0,0.0,0.0,0.0,0.0,0.0,0.0,0.0,0.0,0.0,0.0,0.0,1.0,10.0],
[0.0,0.0,0.0,0.0,0.0,0.0,0.0,0.0,0.0,0.0,0.0,0.0,0.0,0.0,0.0,0.0,0.0,0.0,0.0,0.0,0.0,0.0,0.0,0.0,32.0,16.0,8.0,4.0,2.0,1.0,12.0],
[0.0,0.0,0.0,0.0,0.0,0.0,0.0,0.0,0.0,0.0,0.0,0.0,0.0,0.0,0.0,0.0,0.0,0.0,0.0,0.0,0.0,0.0,0.0,0.0,160.0,48.0,12.0,2.0,0.0,0.0,0.0],
[0.0,0.0,0.0,2.0,0.0,0.0,0.0,0.0,0.0,0.0,0.0,0.0,0.0,0.0,0.0,0.0,0.0,0.0,0.0,0.0,0.0,0.0,0.0,0.0,0.0,0.0,0.0,0.0,0.0,0.0,0.0]]
